5 4 7
5 4 7
5 4 13 7
5 4 13 7
5 4 14
5 4 14
5 4 15
5 4 15
5 4 13
5 4 13
6
6
5 4 7 9
5 4 7 9
5 4 16 13 15
5 4 16 13 15
6
6
5 4 7 12
5 4 7 12
5 4 9
5 4 9
5 4 11
5 4 11
29
29
5 4 7 12 9
5 4 7 12 9
5 4 14 15
5 4 14 15
6
6
5 4 9 8 7
5 4 9 8 7
18 11 19 8 9 7
18 11 19 8 9 7
10 30
10 30
5 4 11
5 4 11
10 20
10 20
5 4 8 16 9 7
5 4 8 16 9 7
5 4 14
5 4 14
6
6
5 4 8
5 4 8
25 4 8 12
25 4 8 12
5 4 9
5 4 9
5 4 13 14
5 4 13 14
6
6
5 4 7 9
5 4 7 9
21 7 12
21 7 12
6
6
21 13
21 13
21 13
21 13
6
6
10 27
10 27
5 4 12 9
5 4 12 9
21 9 13
21 9 13
5 4 13
5 4 13
5 4 14 15
5 4 14 15
5 4 16
5 4 16
6
6
21 16 12
21 16 12
10 20
10 20
5 4 12 20
5 4 12 20
22 16 16
22 16 16
5 4 16 26 15
5 4 16 26 15
6
6
5 4 7 13
5 4 7 13
6
6
21 9 8
21 9 8
5 4 8 7
5 4 8 7
5 4 15
5 4 15
5 4 16
5 4 16
5 4 9
5 4 9
6
6
21 12 8
21 12 8
5 4 8
5 4 8
5 4 9 15
5 4 9 15
5 4 14 26
5 4 14 26
6
6
5 4 8
5 4 8
6
6
10 17
10 17
10 17
10 17
10 17
10 17
6
6
10 24
10 24
18 11 19 12
18 11 19 12
10 20
10 20
18 11 19 12 8
18 11 19 12 8
10 27
10 27
10 24
10 24
10 24
10 24
23 12
23 12
6
6
5 4 7 9
5 4 7 9
5 4 11
5 4 11
29
29
5 4 13 7 9
5 4 13 7 9
5 4 14 15
5 4 14 15
6
6
5 4 16 9
5 4 16 9
5 4 13 15
5 4 13 15
6
6
23 12
23 12
23 13
23 13
23 12
23 12
6
6
21 16 7
21 16 7
22 8
22 8
21 8 16 7
21 8 16 7
6
6
21 12 8
21 12 8
5 4 8
5 4 8
5 4 15
5 4 15
5 4 14
5 4 14
5 4 28
5 4 28
6
6
10 20
10 20
22 9 9
22 9 9
18 11 19 9
18 11 19 9
10 20
10 20
5 4 8 7 9
5 4 8 7 9
5 4 11
5 4 11
5 4 15
5 4 15
6
6
21 9 16 7
21 9 16 7
5 4 16
5 4 16
5 4 7 9
5 4 7 9
5 4 16 15
5 4 16 15
5 4 11
5 4 11
5 4 14
5 4 14
5 4 15
5 4 15
5 4 13
5 4 13
6
6
10 17
10 17
5 4 7
5 4 7
5 4 13 14
5 4 13 14
6
6
5 4 9
5 4 9
5 4 14 15
5 4 14 15
6
6
5 4 8 7
5 4 8 7
5 4 13 14 15
5 4 13 14 15
6
6
5 4 7 16
5 4 7 16
5 4 11
5 4 11
18 11 19 16 7
18 11 19 16 7
10 20
10 20
5 4 11
5 4 11
5 4 7 16
5 4 7 16
5 4 15 28
5 4 15 28
6
6
5 4 9 7
5 4 9 7
5 4 13
5 4 13
5 4 15
5 4 15
6
6
5 4 8
5 4 8
5 4 12 8
5 4 12 8
25 4 12 8
25 4 12 8
5 4 12 8
5 4 12 8
5 4 9
5 4 9
5 4 14
5 4 14
6
6
5 4 7 8
5 4 7 8
5 4 26
5 4 26
5 4 15
5 4 15
6
6
10 17
10 17
5 4 7 9
5 4 7 9
5 4 16
5 4 16
22 9 9
22 9 9
29
29
5 4 15
5 4 15
5 4 14
5 4 14
6
6
10 20
10 20
23 8
23 8
23 8
23 8
22 8 8
22 8 8
23 8
23 8
23 8
23 8
6
6
5 4 7 12 8
5 4 7 12 8
21 8 7
21 8 7
5 4 7 8 12
5 4 7 8 12
5 4 14 28
5 4 14 28
6
6
18 11 19 9
18 11 19 9
10 27
10 27
18 11 19 9 16
18 11 19 9 16
10 20
10 20
23 16
23 16
23 13
23 13
5 4 13 8 9
5 4 13 8 9
5 4 14 26
5 4 14 26
6
6
5 4 9 16 12
5 4 9 16 12
5 4 13 14
5 4 13 14
6
6
5 4 7
5 4 7
5 4 13
5 4 13
5 4 14
5 4 14
6
6
21 8 7
21 8 7
5 4 8
5 4 8
5 4 8
5 4 8
5 4 15
5 4 15
5 4 14
5 4 14
6
6
5 4 7 8 12
5 4 7 8 12
5 4 15
5 4 15
5 4 13
5 4 13
6
6
5 4 12 9
5 4 12 9
5 4 12 9
5 4 12 9
5 4 8
5 4 8
18 11 19 12 9
18 11 19 12 9
10 17
10 17
5 4 14
5 4 14
10 24
10 24
6
6
10 17
10 17
10 17
10 17
10 17
10 17
10 17
10 17
10 17
10 17
10 17
10 17
5 4 7 8 9
5 4 7 8 9
5 4 14 26
5 4 14 26
5 4 7 8 9
5 4 7 8 9
25 4 7 8 9
25 4 7 8 9
5 4 14
5 4 14
6
6
21 9 13
21 9 13
21 13 9
21 13 9
5 4 13 12
5 4 13 12
5 4 9
5 4 9
5 4 8 14 15
5 4 8 14 15
6
6
5 4 8 12
5 4 8 12
5 4 8 12
5 4 8 12
5 4 14
5 4 14
5 4 13
5 4 13
6
6
5 4 7 8 12
5 4 7 8 12
5 4 15
5 4 15
5 4 14
5 4 14
6
6
5 4 8 12
5 4 8 12
5 4 14
5 4 14
5 4 11
5 4 11
5 4 15
5 4 15
5 4 13
5 4 13
6
6
5 4 7 8
5 4 7 8
18 11 19 8 7
18 11 19 8 7
10 30
10 30
5 4 16 7 8
5 4 16 7 8
5 4 14 15
5 4 14 15
6
6
5 4 8
5 4 8
25 4 8
25 4 8
5 4 16 14
5 4 16 14
5 4 15
5 4 15
5 4 28
5 4 28
6
6
5 4 12 16
5 4 12 16
29
29
22 12 12
22 12 12
5 4 12 16
5 4 12 16
5 4 14 15
5 4 14 15
5 4 8
5 4 8
6
6
10 17
10 17
5 4 7 9
5 4 7 9
5 4 7 9
5 4 7 9
5 4 8 14
5 4 8 14
6
6
22 9 9
22 9 9
5 4 9
5 4 9
5 4 7 9
5 4 7 9
5 4 14 15
5 4 14 15
5 4 16
5 4 16
6
6
10 17
10 17
10 27
10 27
10 27
10 27
5 4 13
5 4 13
5 4 14
5 4 14
5 4 15
5 4 15
6
6
10 30
10 30
10 27
10 27
10 30
10 30
10 20
10 20
18 11 19 8
18 11 19 8
10 27
10 27
6
6
5 4 8
5 4 8
5 4 14
5 4 14
6
6
10 17
10 17
10 17
10 17
10 17
10 17
10 17
10 17
10 17
10 17
5 4 7
5 4 7
29
29
5 4 14
5 4 14
5 4 7
5 4 7
6
6
5 4 9 13 7
5 4 9 13 7
5 4 15
5 4 15
22 9 9
22 9 9
5 4 14
5 4 14
6
6
10 24
10 24
5 4 9 12
5 4 9 12
5 4 15
5 4 15
5 4 8
5 4 8
6
6
21 8 9
21 8 9
5 4 8
5 4 8
5 4 14
5 4 14
5 4 12 15
5 4 12 15
5 4 11
5 4 11
6
6
5 4 7 9
5 4 7 9
18 11 19 9 7
18 11 19 9 7
10 20
10 20
5 4 8 7 9
5 4 8 7 9
5 4 14
5 4 14
5 4 26
5 4 26
6
6
10 30
10 30
10 20
10 20
5 4 12
5 4 12
5 4 11
5 4 11
23 12
23 12
5 4 12
5 4 12
6
6
5 4 13
5 4 13
25 4 13
25 4 13
5 4 16 15
5 4 16 15
6
6
10 24
10 24
5 4 16
5 4 16
5 4 11
5 4 11
25 4 12 16 9
25 4 12 16 9
5 4 14 15 28
5 4 14 15 28
6
6
5 4 7 9
5 4 7 9
21 7 12
21 7 12
6
6
10 30
10 30
21 12 16
21 12 16
5 4 12 16
5 4 12 16
5 4 15
5 4 15
5 4 14
5 4 14
6
6
22 12
22 12
10 20
10 20
22 7
22 7
22 7
22 7
22 9 9
22 9 9
18 11 19 9 7
18 11 19 9 7
10 27
10 27
6
6
5 4 7 12
5 4 7 12
5 4 7 12
5 4 7 12
5 4 11
5 4 11
5 4 15
5 4 15
5 4 13
5 4 13
6
6
5 4 9 7
5 4 9 7
18 11 19 9 7
18 11 19 9 7
10 30
10 30
18 11 19 9 7
18 11 19 9 7
10 30
10 30
5 4 16 9 7
5 4 16 9 7
5 4 14
5 4 14
6
6
21 16 9 7
21 16 9 7
21 16 8
21 16 8
6
6
10 17
10 17
5 4 11
5 4 11
18 11 19 7 13
18 11 19 7 13
10 24
10 24
18 11 19 16 7
18 11 19 16 7
10 24
10 24
18 11 19 16 7
18 11 19 16 7
10 24
10 24
6
6
5 4 12
5 4 12
5 4 14
5 4 14
5 4 15
5 4 15
5 4 28
5 4 28
6
6
10 17
10 17
5 4 8
5 4 8
5 4 12 15
5 4 12 15
6
6
5 4 9
5 4 9
5 4 14
5 4 14
5 4 13
5 4 13
6
6
5 4 9 12
5 4 9 12
5 4 14 15
5 4 14 15
6
6
5 4 8
5 4 8
5 4 11
5 4 11
5 4 11
5 4 11
5 4 12
5 4 12
6
6
5 4 9 8 12
5 4 9 8 12
5 4 15
5 4 15
5 4 14
5 4 14
6
6
5 4 7 8 12
5 4 7 8 12
5 4 14
5 4 14
5 4 9
5 4 9
6
6
5 4 7
5 4 7
5 4 16
5 4 16
5 4 16 7
5 4 16 7
5 4 13 14
5 4 13 14
6
6
18 11 19 8
18 11 19 8
22 9 9
22 9 9
23 9
23 9
22 9 9
22 9 9
5 4 8 16 9
5 4 8 16 9
5 4 14
5 4 14
5 4 26
5 4 26
6
6
22 9 9
22 9 9
5 4 9
5 4 9
5 4 12 9
5 4 12 9
5 4 14 28
5 4 14 28
6
6
23 12
23 12
23 12
23 12
10 20
10 20
5 4 12 8
5 4 12 8
5 4 9
5 4 9
5 4 12
5 4 12
5 4 11
5 4 11
10 17
10 17
10 17
10 17
10 17
10 17
10 17
10 17
10 17
10 17
10 17
10 17
6
6
5 4 8
5 4 8
25 4 8
25 4 8
5 4 16 13
5 4 16 13
5 4 14
5 4 14
5 4 15
5 4 15
6
6
10 24
10 24
5 4 8
5 4 8
5 4 11
5 4 11
5 4 14 15
5 4 14 15
6
6
5 4 7 9 8
5 4 7 9 8
5 4 15
5 4 15
5 4 13
5 4 13
6
6
21 12 8
21 12 8
5 4 8
5 4 8
5 4 11
5 4 11
25 4 8
25 4 8
5 4 14
5 4 14
5 4 7
5 4 7
6
6
21 7 13
21 7 13
6
6
5 4 9 8
5 4 9 8
18 11 19 8 9
18 11 19 8 9
10 30
10 30
5 4 16 9 8
5 4 16 9 8
5 4 14
5 4 14
5 4 15
5 4 15
5 4 7
5 4 7
6
6
10 24
10 24
10 17
10 17
5 4 7
5 4 7
5 4 7
5 4 7
6
6
5 4 7 9
5 4 7 9
5 4 13 14
5 4 13 14
6
6
5 4 13
5 4 13
25 4 12 13
25 4 12 13
5 4 12 7 13
5 4 12 7 13
25 4 12 7 9 13
25 4 12 7 9 13
5 4 9 15
5 4 9 15
6
6
10 24
10 24
5 4 16
5 4 16
5 4 11
5 4 11
25 4 12 16 9
25 4 12 16 9
5 4 14 15 28
5 4 14 15 28
6
6
5 4 9 12
5 4 9 12
5 4 14 15 28
5 4 14 15 28
6
6
5 4 12
5 4 12
21 8 12
21 8 12
5 4 12 8
5 4 12 8
5 4 14
5 4 14
5 4 16
5 4 16
6
6
5 4 7 12
5 4 7 12
5 4 8
5 4 8
5 4 8 7 12
5 4 8 7 12
6
6
5 4 8
5 4 8
5 4 13 15
5 4 13 15
6
6
5 4 8 12
5 4 8 12
6
6
10 20
10 20
5 4 8
5 4 8
6
6
5 4 7
5 4 7
5 4 7
5 4 7
5 4 8 7
5 4 8 7
18 11 19 8 7
18 11 19 8 7
10 24
10 24
29
29
29
29
6
6
5 4 7 8
5 4 7 8
10 17
10 17
5 4 7 8
5 4 7 8
5 4 11
5 4 11
5 4 16 15
5 4 16 15
6
6
10 20
10 20
22 13
22 13
5 4 16 8
5 4 16 8
10 20
10 20
5 4 11
5 4 11
5 4 11
5 4 11
21 9 16
21 9 16
5 4 7
5 4 7
5 4 16
5 4 16
5 4 16 7
5 4 16 7
5 4 13 14
5 4 13 14
6
6
10 17
10 17
10 17
10 17
5 4 11
5 4 11
18 11 19 8 7
18 11 19 8 7
10 24
10 24
18 11 19 8 7
18 11 19 8 7
10 24
10 24
6
6
5 4 8
5 4 8
18 11 19 8
18 11 19 8
10 27
10 27
18 11 19 8
18 11 19 8
10 17
10 17
18 11 19 8
18 11 19 8
10 17
10 17
18 11 19 8
18 11 19 8
10 17
10 17
18 11 19 8
18 11 19 8
10 17
10 17
18 11 19 8
18 11 19 8
10 17
10 17
5 4 7
5 4 7
5 4 11
5 4 11
5 4 14 15
5 4 14 15
18 11 19 7
18 11 19 7
10 27
10 27
18 11 19 7
18 11 19 7
10 20
10 20
6
6
5 4 8
5 4 8
5 4 8
5 4 8
5 4 8 12
5 4 8 12
5 4 13 8 12
5 4 13 8 12
5 4 15
5 4 15
5 4 7
5 4 7
6
6
5 4 9 16
5 4 9 16
5 4 12
5 4 12
5 4 11
5 4 11
5 4 14
5 4 14
5 4 8
5 4 8
6
6
5 4 13 7 9
5 4 13 7 9
5 4 8
5 4 8
5 4 14 15
5 4 14 15
6
6
22 8
22 8
5 4 8 12
5 4 8 12
5 4 16
5 4 16
5 4 14
5 4 14
6
6
5 4 12
5 4 12
5 4 13 14
5 4 13 14
6
6
5 4 8 7
5 4 8 7
5 4 15
5 4 15
5 4 13
5 4 13
6
6
10 20
10 20
18 11 19 8
18 11 19 8
10 27
10 27
5 4 8 16 13
5 4 8 16 13
5 4 14 15
5 4 14 15
6
6
5 4 9 8
5 4 9 8
25 4 9 8 12
25 4 9 8 12
5 4 13
5 4 13
5 4 15
5 4 15
5 4 11
5 4 11
5 4 14
5 4 14
6
6
10 27
10 27
5 4 8
5 4 8
5 4 13 26
5 4 13 26
5 4 11
5 4 11
5 4 11
5 4 11
6
6
10 27
10 27
5 4 8 9
5 4 8 9
5 4 7
5 4 7
5 4 26
5 4 26
6
6
5 4 13 7
5 4 13 7
18 11 19 7 13
18 11 19 7 13
22 9 9
22 9 9
5 4 9 13 7
5 4 9 13 7
5 4 14 15 28
5 4 14 15 28
6
6
5 4 9 8
5 4 9 8
5 4 9 8
5 4 9 8
5 4 11
5 4 11
5 4 14
5 4 14
5 4 15
5 4 15
5 4 13
5 4 13
6
6
10 30
10 30
5 4 7 8
5 4 7 8
5 4 11
5 4 11
23 8
23 8
5 4 7 8
5 4 7 8
5 4 7 8
5 4 7 8
6
6
5 4 8 12
5 4 8 12
5 4 13 14
5 4 13 14
6
6
5 4 8 12
5 4 8 12
18 11 19 12 8
18 11 19 12 8
10 17
10 17
5 4 7 8 12
5 4 7 8 12
5 4 16 14
5 4 16 14
6
6
10 17
10 17
10 17
10 17
10 17
10 17
10 17
10 17
10 17
10 17
10 17
10 17
5 4 16
5 4 16
5 4 13 14
5 4 13 14
6
6
5 4 7
5 4 7
5 4 12 13 7
5 4 12 13 7
5 4 11
5 4 11
5 4 13 15
5 4 13 15
6
6
10 17
10 17
5 4 8 7
5 4 8 7
5 4 13
5 4 13
5 4 11
5 4 11
5 4 14
5 4 14
6
6
21 16 12 9
21 16 12 9
5 4 9 16
5 4 9 16
5 4 12 9 16
5 4 12 9 16
5 4 14 15
5 4 14 15
6
6
10 17
10 17
10 17
10 17
10 17
10 17
10 17
10 17
5 4 7
5 4 7
21 7 13
21 7 13
21 13 8
21 13 8
21 13 8
21 13 8
18 11 19 12 16
18 11 19 12 16
10 20
10 20
5 4 8 12 16
5 4 8 12 16
5 4 14 26
5 4 14 26
6
6
10 24
10 24
5 4 8
5 4 8
5 4 14 15
5 4 14 15
29
29
6
6
18 11 19 8 7
18 11 19 8 7
10 27
10 27
5 4 9 8 7
5 4 9 8 7
10 20
10 20
18 11 19 8
18 11 19 8
10 17
10 17
5 4 13 7 8
5 4 13 7 8
5 4 14 15
5 4 14 15
5 4 12
5 4 12
6
6
5 4 7 9
5 4 7 9
21 7 12
21 7 12
6
6
5 4 7
5 4 7
5 4 11
5 4 11
18 11 19 16 7
18 11 19 16 7
10 20
10 20
5 4 8 7 16
5 4 8 7 16
25 4 7 16
25 4 7 16
5 4 14
5 4 14
6
6
5 4 9 12 8
5 4 9 12 8
5 4 7 14 15
5 4 7 14 15
6
6
5 4 8 13
5 4 8 13
5 4 11
5 4 11
5 4 15
5 4 15
5 4 14
5 4 14
6
6
5 4 7 12
5 4 7 12
5 4 16
5 4 16
18 11 19 16 7
18 11 19 16 7
10 20
10 20
5 4 16 12 7
5 4 16 12 7
5 4 8 14
5 4 8 14
6
6
5 4 12 16
5 4 12 16
5 4 13
5 4 13
5 4 14
5 4 14
5 4 15
5 4 15
5 4 11
5 4 11
5 4 26
5 4 26
6
6
5 4 7 12
5 4 7 12
5 4 13
5 4 13
5 4 16
5 4 16
25 4 12 7
25 4 12 7
5 4 12 15
5 4 12 15
5 4 26
5 4 26
6
6
5 4 8 7
5 4 8 7
18 11 19 8 7
18 11 19 8 7
10 30
10 30
5 4 11
5 4 11
5 4 11
5 4 11
6
6
10 17
10 17
5 4 7
5 4 7
5 4 11
5 4 11
5 4 11
5 4 11
29
29
29
29
6
6
5 4 8
5 4 8
25 4 8
25 4 8
5 4 14 15
5 4 14 15
6
6
5 4 8
5 4 8
5 4 8
5 4 8
5 4 11
5 4 11
5 4 9 13 7
5 4 9 13 7
5 4 15
5 4 15
22 9 9
22 9 9
5 4 14
5 4 14
6
6
10 17
10 17
18 11 19 7
18 11 19 7
10 30
10 30
18 11 19 7
18 11 19 7
10 24
10 24
18 11 19 7
18 11 19 7
10 27
10 27
18 11 19 7
18 11 19 7
10 24
10 24
6
6
5 4 9 7 16
5 4 9 7 16
5 4 11
5 4 11
5 4 15
5 4 15
5 4 8
5 4 8
6
6
18 11 19 8
18 11 19 8
10 17
10 17
5 4 7 13 8
5 4 7 13 8
5 4 14
5 4 14
5 4 15
5 4 15
5 4 12
5 4 12
6
6
10 17
10 17
18 11 19 7
18 11 19 7
10 20
10 20
5 4 7 8 12
5 4 7 8 12
21 12 8
21 12 8
5 4 8
5 4 8
5 4 12
5 4 12
5 4 13 15
5 4 13 15
6
6
5 4 7 8
5 4 7 8
25 4 16 7 8
25 4 16 7 8
5 4 15
5 4 15
6
6
10 17
10 17
10 17
10 17
5 4 7
5 4 7
6
6
5 4 8
5 4 8
5 4 11
5 4 11
25 4 8
25 4 8
5 4 8 12
5 4 8 12
5 4 14 26 15
5 4 14 26 15
6
6
5 4 16
5 4 16
5 4 12 16
5 4 12 16
5 4 8 9 14 15
5 4 8 9 14 15
6
6
5 4 9 8
5 4 9 8
5 4 13 15
5 4 13 15
6
6
5 4 7 12
5 4 7 12
5 4 14 15
5 4 14 15
5 4 13
5 4 13
6
6
10 20
10 20
18 11 19 8
18 11 19 8
22 9 9
22 9 9
5 4 9 8
5 4 9 8
5 4 16 14
5 4 16 14
21 13
21 13
21 13
21 13
6
6
10 17
10 17
18 11 19 7
18 11 19 7
10 24
10 24
18 11 19 7
18 11 19 7
10 20
10 20
5 4 7 8
5 4 7 8
5 4 28
5 4 28
6
6
21 9 8
21 9 8
5 4 8
5 4 8
5 4 9
5 4 9
5 4 14 15
5 4 14 15
5 4 7
5 4 7
6
6
5 4 7
5 4 7
29
29
5 4 11
5 4 11
5 4 14
5 4 14
5 4 26
5 4 26
5 4 13
5 4 13
6
6
5 4 13 12
5 4 13 12
5 4 13 12
5 4 13 12
5 4 9
5 4 9
25 4 13
25 4 13
6
6
5 4 7 16
5 4 7 16
5 4 12
5 4 12
29
29
29
29
29
29
6
6
21 12 8
21 12 8
5 4 8
5 4 8
5 4 14 26 15
5 4 14 26 15
6
6
22 13
22 13
22 9 9
22 9 9
23 9
23 9
22 9 9
22 9 9
18 11 19 9
18 11 19 9
10 27
10 27
5 4 9
5 4 9
5 4 7 8
5 4 7 8
5 4 12 15
5 4 12 15
5 4 13
5 4 13
21 8 13
21 8 13
6
6
5 4 9 8
5 4 9 8
18 11 19 8 9
18 11 19 8 9
10 30
10 30
5 4 16 9 8
5 4 16 9 8
5 4 14
5 4 14
5 4 15
5 4 15
5 4 7
5 4 7
6
6
5 4 16
5 4 16
6
6
18 11 19 12 9 13
18 11 19 12 9 13
10 17
10 17
10 17
10 17
10 17
10 17
5 4 12
5 4 12
5 4 11
5 4 11
5 4 11
5 4 11
6
6
22 8
22 8
5 4 12 8
5 4 12 8
5 4 14
5 4 14
5 4 16
5 4 16
6
6
5 4 7
5 4 7
5 4 7
5 4 7
5 4 14
5 4 14
5 4 8
5 4 8
6
6
5 4 13 7 9
5 4 13 7 9
5 4 14
5 4 14
5 4 16
5 4 16
6
6
21 12 8
21 12 8
5 4 12 8
5 4 12 8
5 4 11
5 4 11
5 4 14 15
5 4 14 15
5 4 28
5 4 28
6
6
5 4 7 9 8
5 4 7 9 8
5 4 14
5 4 14
5 4 28
5 4 28
5 4 11
5 4 11
6
6
10 17
10 17
5 4 7
5 4 7
6
6
18 11 19 8
18 11 19 8
10 17
10 17
5 4 7 8
5 4 7 8
5 4 7
5 4 7
5 4 15
5 4 15
5 4 26
5 4 26
22 7 7
22 7 7
6
6
5 4 7
5 4 7
21 7 13
21 7 13
5 4 13 7
5 4 13 7
6
6
5 4 7 9
5 4 7 9
18 11 19 9 7
18 11 19 9 7
10 24
10 24
5 4 9 7
5 4 9 7
5 4 16 26
5 4 16 26
5 4 15
5 4 15
18 11 19 9 7
18 11 19 9 7
10 24
10 24
6
6
5 4 13 7
5 4 13 7
5 4 8 15
5 4 8 15
6
6
10 17
10 17
23 7
23 7
10 17
10 17
5 4 7
5 4 7
5 4 14
5 4 14
5 4 28
5 4 28
6
6
10 20
10 20
22 9 9
22 9 9
5 4 9 12
5 4 9 12
5 4 13 15
5 4 13 15
6
6
10 20
10 20
23 8
23 8
5 4 8 16
5 4 8 16
5 4 8 16
5 4 8 16
5 4 13 14
5 4 13 14
6
6
5 4 16
5 4 16
5 4 11
5 4 11
5 4 8
5 4 8
5 4 11
5 4 11
10 30
10 30
10 17
10 17
6
6
10 17
10 17
5 4 7 16
5 4 7 16
5 4 13 14
5 4 13 14
6
6
10 17
10 17
18 11 19 7
18 11 19 7
10 20
10 20
21 13 8
21 13 8
5 4 16 8
5 4 16 8
5 4 14
5 4 14
5 4 7
5 4 7
6
6
10 20
10 20
5 4 8
5 4 8
5 4 13
5 4 13
21 8 13
21 8 13
6
6
10 20
10 20
10 17
10 17
5 4 8
5 4 8
5 4 16
5 4 16
5 4 16 8
5 4 16 8
5 4 15
5 4 15
5 4 14
5 4 14
6
6
10 20
10 20
5 4 7
5 4 7
5 4 13
5 4 13
5 4 7
5 4 7
5 4 13 14
5 4 13 14
5 4 15
5 4 15
25 4 13
25 4 13
5 4 11
5 4 11
6
6
5 4 16 9
5 4 16 9
5 4 14
5 4 14
5 4 11
5 4 11
5 4 15
5 4 15
5 4 13
5 4 13
6
6
5 4 7 9 8
5 4 7 9 8
5 4 16
5 4 16
5 4 14
5 4 14
6
6
10 20
10 20
5 4 8
5 4 8
5 4 11
5 4 11
25 4 8
25 4 8
29
29
6
6
5 4 7 9
5 4 7 9
5 4 13 14 15
5 4 13 14 15
6
6
5 4 7 16
5 4 7 16
5 4 8 14 15
5 4 8 14 15
6
6
5 4 16 8
5 4 16 8
5 4 16 8
5 4 16 8
5 4 14
5 4 14
5 4 11
5 4 11
10 20
10 20
5 4 28
5 4 28
6
6
10 20
10 20
18 11 19 8
18 11 19 8
10 27
10 27
5 4 8 13
5 4 8 13
5 4 14 15
5 4 14 15
6
6
18 11 19 9 7
18 11 19 9 7
10 30
10 30
6
6
21 13 8
21 13 8
21 13 8
21 13 8
21 9 8
21 9 8
21 13 8
21 13 8
21 13 8
21 13 8
10 30
10 30
6
6
10 17
10 17
5 4 7 13
5 4 7 13
5 4 14 26 15
5 4 14 26 15
6
6
5 4 8
5 4 8
5 4 16 13
5 4 16 13
25 4 8
25 4 8
22 13
22 13
5 4 16 8
5 4 16 8
5 4 14 28
5 4 14 28
6
6
5 4 7
5 4 7
5 4 13 7
5 4 13 7
23 7
23 7
18 11 19 7 13
18 11 19 7 13
10 20
10 20
6
6
5 4 16 9 12
5 4 16 9 12
5 4 11
5 4 11
5 4 14
5 4 14
25 4 9 12 16
25 4 9 12 16
5 4 28
5 4 28
6
6
10 30
10 30
10 17
10 17
6
6
5 4 9 12
5 4 9 12
5 4 13
5 4 13
5 4 13 9 12
5 4 13 9 12
5 4 15
5 4 15
5 4 26
5 4 26
6
6
5 4 13 9 12
5 4 13 9 12
5 4 14 15
5 4 14 15
5 4 28
5 4 28
6
6
10 24
10 24
18 11 19 12
18 11 19 12
10 30
10 30
18 11 19 12
18 11 19 12
10 20
10 20
5 4 8 12
5 4 8 12
5 4 8 12
5 4 8 12
18 11 19 12 8
18 11 19 12 8
10 30
10 30
6
6
22 16
22 16
6
6
5 4 7
5 4 7
5 4 7 8
5 4 7 8
5 4 13 14
5 4 13 14
6
6
18 11 19 12
18 11 19 12
10 17
10 17
10 17
10 17
10 17
10 17
10 24
10 24
10 17
10 17
5 4 7
5 4 7
5 4 7
5 4 7
6
6
5 4 7 8
5 4 7 8
23 7
23 7
18 11 19 7 8
18 11 19 7 8
10 30
10 30
5 4 7 9 8
5 4 7 9 8
5 4 11
5 4 11
5 4 8
5 4 8
10 20
10 20
5 4 9
5 4 9
5 4 9
5 4 9
5 4 15 28
5 4 15 28
6
6
5 4 16
5 4 16
5 4 13 14
5 4 13 14
6
6
10 20
10 20
22 13
22 13
5 4 16 8
5 4 16 8
10 20
10 20
5 4 11
5 4 11
5 4 11
5 4 11
21 9 16
21 9 16
5 4 8
5 4 8
5 4 13
5 4 13
5 4 14
5 4 14
6
6
10 27
10 27
5 4 7
5 4 7
5 4 7
5 4 7
18 11 19 7
18 11 19 7
10 27
10 27
5 4 26
5 4 26
6
6
5 4 12
5 4 12
5 4 12
5 4 12
5 4 14
5 4 14
5 4 15
5 4 15
5 4 8
5 4 8
6
6
18 11 19 12 7
18 11 19 12 7
10 20
10 20
5 4 20 7 12
5 4 20 7 12
5 4 14
5 4 14
5 4 11
5 4 11
6
6
5 4 12
5 4 12
5 4 12 8
5 4 12 8
5 4 13
5 4 13
5 4 14 15
5 4 14 15
6
6
21 13 7 9
21 13 7 9
5 4 7 13
5 4 7 13
5 4 9
5 4 9
6
6
10 20
10 20
18 11 19 8
18 11 19 8
10 27
10 27
5 4 8 13
5 4 8 13
5 4 14 15
5 4 14 15
6
6
5 4 13
5 4 13
5 4 15
5 4 15
5 4 16
5 4 16
6
6
21 13
21 13
21 13
21 13
5 4 12
5 4 12
5 4 12
5 4 12
5 4 12
5 4 12
5 4 12
5 4 12
6
6
5 4 9 7
5 4 9 7
23 16
23 16
29
29
5 4 13
5 4 13
5 4 14 15
5 4 14 15
6
6
5 4 12 9
5 4 12 9
18 11 19 12 9
18 11 19 12 9
10 20
10 20
5 4 8 12 9
5 4 8 12 9
5 4 8 16 12 9
5 4 8 16 12 9
5 4 8 16 12 9
5 4 8 16 12 9
5 4 14 15 28
5 4 14 15 28
6
6
5 4 16 9
5 4 16 9
5 4 13 15
5 4 13 15
6
6
5 4 8 12
5 4 8 12
5 4 11
5 4 11
29
29
5 4 13
5 4 13
6
6
10 17
10 17
18 11 19 9
18 11 19 9
10 27
10 27
5 4 9
5 4 9
18 11 19 9
18 11 19 9
10 27
10 27
6
6
10 27
10 27
10 17
10 17
18 11 19 7
18 11 19 7
10 20
10 20
18 11 19 7
18 11 19 7
22 9 9
22 9 9
6
6
5 4 13 7 9
5 4 13 7 9
5 4 14
5 4 14
5 4 12
5 4 12
6
6
5 4 8
5 4 8
5 4 13 14
5 4 13 14
6
6
5 4 9 7 16
5 4 9 7 16
23 16
23 16
5 4 16 9 7
5 4 16 9 7
23 16
23 16
25 4 16 9 7
25 4 16 9 7
5 4 14 15 28
5 4 14 15 28
6
6
18 11 19 13
18 11 19 13
10 17
10 17
5 4 7
5 4 7
5 4 15
5 4 15
5 4 7
5 4 7
21 13 7
21 13 7
6
6
10 30
10 30
10 27
10 27
18 11 19 12 13
18 11 19 12 13
10 20
10 20
5 4 9 8 13
5 4 9 8 13
5 4 14
5 4 14
5 4 11
5 4 11
5 4 15
5 4 15
6
6
10 20
10 20
18 11 19 8
18 11 19 8
10 17
10 17
18 11 19 8 7
18 11 19 8 7
10 27
10 27
18 11 19 8 7 13
18 11 19 8 7 13
10 24
10 24
5 4 12 13 7 8
5 4 12 13 7 8
5 4 26 15
5 4 26 15
6
6
5 4 13
5 4 13
25 4 13
25 4 13
5 4 9
5 4 9
6
6
18 11 19 7
18 11 19 7
10 20
10 20
5 4 8 7
5 4 8 7
5 4 26 15
5 4 26 15
6
6
10 17
10 17
10 17
10 17
18 11 19 7
18 11 19 7
10 27
10 27
18 11 19 7
18 11 19 7
10 27
10 27
5 4 13 7
5 4 13 7
5 4 16 14
5 4 16 14
6
6
18 11 19 7
18 11 19 7
22 9 9
22 9 9
18 11 19 8 7
18 11 19 8 7
10 24
10 24
5 4 7 8 12
5 4 7 8 12
5 4 14
5 4 14
6
6
23 7
23 7
5 4 7
5 4 7
5 4 11
5 4 11
5 4 11
5 4 11
10 24
10 24
5 4 11
5 4 11
6
6
10 24
10 24
18 11 19 12
18 11 19 12
22 9 9
22 9 9
5 4 9 12
5 4 9 12
5 4 16 14 15
5 4 16 14 15
6
6
5 4 7 9 16
5 4 7 9 16
5 4 13 15
5 4 13 15
6
6
5 4 13 7 9
5 4 13 7 9
5 4 14
5 4 14
5 4 12
5 4 12
6
6
5 4 7
5 4 7
5 4 13 7
5 4 13 7
5 4 14
5 4 14
5 4 15
5 4 15
5 4 13
5 4 13
6
6
5 4 7 8
5 4 7 8
5 4 13 14 15
5 4 13 14 15
6
6
5 4 8
5 4 8
25 4 8
25 4 8
5 4 16 14
5 4 16 14
5 4 15
5 4 15
5 4 28
5 4 28
6
6
18 11 19 12 9
18 11 19 12 9
10 27
10 27
18 11 19 12 9
18 11 19 12 9
10 17
10 17
5 4 7 9 12
5 4 7 9 12
5 4 15
5 4 15
6
6
5 4 13 12
5 4 13 12
5 4 14
5 4 14
5 4 26
5 4 26
6
6
22 9 9
22 9 9
10 20
10 20
10 20
10 20
6
6
5 4 8
5 4 8
5 4 8 12
5 4 8 12
5 4 8
5 4 8
5 4 14
5 4 14
18 11 19 8
18 11 19 8
22 9 9
22 9 9
6
6
10 17
10 17
5 4 7
5 4 7
5 4 7 16
5 4 7 16
5 4 14
5 4 14
5 4 15
5 4 15
5 4 28
5 4 28
6
6
5 4 9 8
5 4 9 8
5 4 9 8
5 4 9 8
18 11 19 8 9
18 11 19 8 9
10 30
10 30
5 4 9 8
5 4 9 8
5 4 15
5 4 15
5 4 16
5 4 16
6
6
10 17
10 17
21 12 8
21 12 8
21 8 12
21 8 12
5 4 8 12
5 4 8 12
25 4 9 8 12
25 4 9 8 12
5 4 9 14 15 28
5 4 9 14 15 28
6
6
10 20
10 20
22 9 9
22 9 9
5 4 12
5 4 12
5 4 12
5 4 12
25 4 12
25 4 12
29
29
5 4 12
5 4 12
29
29
6
6
5 4 12 9
5 4 12 9
18 11 19 12 9
18 11 19 12 9
10 20
10 20
5 4 8 12 9
5 4 8 12 9
5 4 8 16 12 9
5 4 8 16 12 9
5 4 8 16 12 9
5 4 8 16 12 9
5 4 14 15 28
5 4 14 15 28
6
6
5 4 7 12
5 4 7 12
21 8 12
21 8 12
5 4 16
5 4 16
5 4 14 15
5 4 14 15
6
6
21 8 16
21 8 16
21 16 8
21 16 8
5 4 9 12 7
5 4 9 12 7
6
6
5 4 7 16
5 4 7 16
23 16
23 16
23 16
23 16
5 4 16 7
5 4 16 7
5 4 14
5 4 14
5 4 15 28
5 4 15 28
6
6
5 4 9 12
5 4 9 12
5 4 13 14
5 4 13 14
6
6
5 4 9
5 4 9
5 4 13 9
5 4 13 9
5 4 14
5 4 14
5 4 15
5 4 15
5 4 28
5 4 28
6
6
10 24
10 24
18 11 19 12
18 11 19 12
22 9 9
22 9 9
5 4 9 12
5 4 9 12
5 4 16 14 15
5 4 16 14 15
6
6
5 4 13 9
5 4 13 9
23 13
23 13
5 4 13 9
5 4 13 9
5 4 11
5 4 11
5 4 11
5 4 11
5 4 8 14 15
5 4 8 14 15
6
6
5 4 7 9
5 4 7 9
5 4 16
5 4 16
22 9 9
22 9 9
29
29
5 4 15
5 4 15
5 4 14
5 4 14
6
6
5 4 7 9 8
5 4 7 9 8
5 4 13 15
5 4 13 15
6
6
10 17
10 17
5 4 7
5 4 7
5 4 8
5 4 8
5 4 14
5 4 14
5 4 15
5 4 15
5 4 13
5 4 13
6
6
5 4 16 9
5 4 16 9
5 4 14
5 4 14
5 4 11
5 4 11
5 4 15
5 4 15
5 4 13
5 4 13
6
6
5 4 7 9 8
5 4 7 9 8
18 11 19 8 9 7
18 11 19 8 9 7
10 30
10 30
5 4 16 9 7 8
5 4 16 9 7 8
5 4 28
5 4 28
5 4 14 15
5 4 14 15
6
6
18 11 19 9 7
18 11 19 9 7
10 24
10 24
18 11 19 9 7
18 11 19 9 7
10 24
10 24
18 11 19 9 7
18 11 19 9 7
10 24
10 24
18 11 19 9 7
18 11 19 9 7
10 24
10 24
5 4 8
5 4 8
5 4 14
5 4 14
5 4 26
5 4 26
25 4 12 8
25 4 12 8
5 4 12 9
5 4 12 9
6
6
18 11 19 12 9
18 11 19 12 9
10 27
10 27
5 4 9 12
5 4 9 12
5 4 7 15
5 4 7 15
6
6
5 4 7
5 4 7
5 4 13 7
5 4 13 7
5 4 11
5 4 11
25 4 12 13 7
25 4 12 13 7
5 4 16 15
5 4 16 15
6
6
5 4 7 16
5 4 7 16
5 4 8 15
5 4 8 15
6
6
5 4 7
5 4 7
5 4 7 16
5 4 7 16
5 4 14
5 4 14
5 4 13
5 4 13
6
6
10 17
10 17
5 4 13
5 4 13
5 4 8 13
5 4 8 13
5 4 15 28
5 4 15 28
6
6
18 11 19 13
18 11 19 13
10 20
10 20
23 8
23 8
5 4 8 13
5 4 8 13
5 4 11
5 4 11
5 4 11
5 4 11
23 8
23 8
5 4 11
5 4 11
5 4 8 12
5 4 8 12
5 4 9
5 4 9
5 4 8 12
5 4 8 12
5 4 9
5 4 9
5 4 13 15
5 4 13 15
6
6
5 4 7
5 4 7
5 4 11
5 4 11
5 4 13 15
5 4 13 15
6
6
5 4 9 13
5 4 9 13
5 4 11
5 4 11
5 4 28
5 4 28
6
6
18 11 19 12
18 11 19 12
10 20
10 20
5 4 20 12
5 4 20 12
5 4 14 15
5 4 14 15
6
6
5 4 13 9 12
5 4 13 9 12
5 4 16 15
5 4 16 15
6
6
5 4 16 12
5 4 16 12
5 4 11
5 4 11
5 4 14
5 4 14
5 4 15
5 4 15
5 4 26
5 4 26
6
6
18 11 19 12
18 11 19 12
10 20
10 20
5 4 12 8
5 4 12 8
5 4 9 15
5 4 9 15
6
6
18 11 19 12
18 11 19 12
10 17
10 17
18 11 19 12
18 11 19 12
10 17
10 17
18 11 19 12
18 11 19 12
10 17
10 17
5 4 11
5 4 11
5 4 15
5 4 15
5 4 11
5 4 11
5 4 11
5 4 11
10 20
10 20
18 11 19 8
18 11 19 8
10 24
10 24
5 4 13 8
5 4 13 8
5 4 15
5 4 15
6
6
18 11 19 8
18 11 19 8
10 24
10 24
18 11 19 12 8
18 11 19 12 8
10 27
10 27
23 12
23 12
23 12
23 12
18 11 19 12 8
18 11 19 12 8
10 17
10 17
6
6
10 17
10 17
5 4 8 7 9
5 4 8 7 9
5 4 15
5 4 15
5 4 11
5 4 11
5 4 12
5 4 12
6
6
5 4 7 9
5 4 7 9
5 4 16 13 15
5 4 16 13 15
6
6
10 17
10 17
5 4 7 16
5 4 7 16
5 4 13 14
5 4 13 14
6
6
10 17
10 17
18 11 19 7
18 11 19 7
10 27
10 27
18 11 19 7
18 11 19 7
10 27
10 27
5 4 13 7
5 4 13 7
5 4 16 14
5 4 16 14
6
6
5 4 7 12 9
5 4 7 12 9
18 11 19 12 9 7
18 11 19 12 9 7
10 30
10 30
5 4 16 7 12 9
5 4 16 7 12 9
5 4 14 15
5 4 14 15
6
6
10 17
10 17
10 17
10 17
5 4 7
5 4 7
6
6
5 4 12 8
5 4 12 8
29
29
5 4 11
5 4 11
29
29
29
29
6
6
5 4 8
5 4 8
5 4 11
5 4 11
5 4 11
5 4 11
25 4 8
25 4 8
5 4 14
5 4 14
5 4 13
5 4 13
6
6
5 4 8 12
5 4 8 12
18 11 19 12 8
18 11 19 12 8
22 9 9
22 9 9
5 4 9 8 12
5 4 9 8 12
25 4 8
25 4 8
5 4 15
5 4 15
6
6
5 4 7
5 4 7
5 4 7
5 4 7
5 4 8 7
5 4 8 7
18 11 19 8 7
18 11 19 8 7
10 24
10 24
29
29
29
29
6
6
5 4 9 7 16
5 4 9 7 16
5 4 15
5 4 15
25 4 9 7 16
25 4 9 7 16
5 4 13
5 4 13
6
6
5 4 7 8
5 4 7 8
5 4 7 8
5 4 7 8
5 4 14
5 4 14
5 4 28
5 4 28
5 4 7 8
5 4 7 8
25 4 7 8
25 4 7 8
5 4 9 12
5 4 9 12
5 4 8 14
5 4 8 14
6
6
10 17
10 17
18 11 19 7
18 11 19 7
10 30
10 30
18 11 19 7
18 11 19 7
10 24
10 24
18 11 19 7
18 11 19 7
10 27
10 27
18 11 19 7
18 11 19 7
10 24
10 24
6
6
5 4 7 8
5 4 7 8
5 4 7 8
5 4 7 8
5 4 14
5 4 14
5 4 28
5 4 28
5 4 7 8
5 4 7 8
25 4 7 8
25 4 7 8
5 4 7
5 4 7
5 4 9
5 4 9
5 4 7 9
5 4 7 9
6
6
10 20
10 20
5 4 8
5 4 8
5 4 11
5 4 11
25 4 8
25 4 8
29
29
6
6
5 4 7 9
5 4 7 9
5 4 16
5 4 16
22 9 9
22 9 9
29
29
5 4 15
5 4 15
5 4 14
5 4 14
6
6
5 4 7 8 9
5 4 7 8 9
5 4 14
5 4 14
5 4 15
5 4 15
5 4 13
5 4 13
5 4 11
5 4 11
6
6
10 24
10 24
10 17
10 17
5 4 16 12
5 4 16 12
5 4 8 13 14
5 4 8 13 14
6
6
5 4 8
5 4 8
5 4 13 15
5 4 13 15
6
6
5 4 7 16 9
5 4 7 16 9
5 4 12 14
5 4 12 14
6
6
5 4 13
5 4 13
21 13 12
21 13 12
6
6
10 17
10 17
5 4 7
5 4 7
21 7 16
21 7 16
5 4 11
5 4 11
5 4 16 7
5 4 16 7
5 4 13 14
5 4 13 14
6
6
10 20
10 20
6
6
21 13 7 9
21 13 7 9
5 4 7 13
5 4 7 13
5 4 9
5 4 9
6
6
10 17
10 17
5 4 7
5 4 7
5 4 12 7
5 4 12 7
5 4 9
5 4 9
5 4 14
5 4 14
5 4 15
5 4 15
6
6
5 4 16 9 8
5 4 16 9 8
5 4 13 15
5 4 13 15
6
6
5 4 9 8
5 4 9 8
5 4 14
5 4 14
5 4 16
5 4 16
6
6
5 4 7 16
5 4 7 16
5 4 8 14 15
5 4 8 14 15
6
6
5 4 7 12
5 4 7 12
5 4 16 13 14
5 4 16 13 14
6
6
10 20
10 20
5 4 8
5 4 8
5 4 8
5 4 8
25 4 8
25 4 8
5 4 15
5 4 15
5 4 11
5 4 11
6
6
5 4 7 16
5 4 7 16
5 4 15
5 4 15
5 4 13
5 4 13
6
6
18 11 19 8
18 11 19 8
10 27
10 27
5 4 13 8
5 4 13 8
5 4 11
5 4 11
5 4 11
5 4 11
6
6
10 17
10 17
10 30
10 30
5 4 13
5 4 13
5 4 14 15
5 4 14 15
5 4 11
5 4 11
5 4 14 15
5 4 14 15
6
6
5 4 7 8
5 4 7 8
5 4 12 14
5 4 12 14
6
6
10 17
10 17
10 17
10 17
10 17
10 17
5 4 16
5 4 16
6
6
5 4 7
5 4 7
5 4 11
5 4 11
5 4 7 16 12
5 4 7 16 12
18 11 19 12 16 7
18 11 19 12 16 7
10 27
10 27
29
29
5 4 15
5 4 15
6
6
5 4 8
5 4 8
5 4 11
5 4 11
25 4 9 8
25 4 9 8
5 4 14 26 15
5 4 14 26 15
6
6
22 9 9
22 9 9
5 4 9
5 4 9
5 4 9 8 12
5 4 9 8 12
5 4 13 15
5 4 13 15
6
6
10 17
10 17
5 4 7
5 4 7
5 4 11
5 4 11
5 4 14
5 4 14
5 4 8
5 4 8
5 4 8
5 4 8
6
6
10 17
10 17
5 4 7
5 4 7
21 7 16
21 7 16
5 4 11
5 4 11
5 4 16 7
5 4 16 7
5 4 13 14
5 4 13 14
6
6
10 17
10 17
5 4 12
5 4 12
5 4 12
5 4 12
5 4 12
5 4 12
5 4 7 12
5 4 7 12
5 4 11
5 4 11
5 4 7 12
5 4 7 12
5 4 15
5 4 15
5 4 28
5 4 28
6
6
5 4 12 9
5 4 12 9
5 4 12 9
5 4 12 9
5 4 8
5 4 8
18 11 19 12 9
18 11 19 12 9
10 17
10 17
5 4 14
5 4 14
10 24
10 24
6
6
10 17
10 17
10 17
10 17
18 11 19 7
18 11 19 7
10 20
10 20
5 4 8 7
5 4 8 7
5 4 11
5 4 11
6
6
5 4 7 12 8
5 4 7 12 8
5 4 11
5 4 11
5 4 11
5 4 11
10 24
10 24
5 4 14 26
5 4 14 26
6
6
10 17
10 17
10 17
10 17
6
6
5 4 7
5 4 7
5 4 16 7
5 4 16 7
5 4 11
5 4 11
29
29
5 4 13 14 15
5 4 13 14 15
6
6
10 27
10 27
23 13
23 13
22 8
22 8
5 4 8 12 13
5 4 8 12 13
5 4 16 14 15
5 4 16 14 15
6
6
5 4 8 12 9
5 4 8 12 9
5 4 7 14 15
5 4 7 14 15
6
6
10 17
10 17
5 4 12 9 7
5 4 12 9 7
5 4 16 14
5 4 16 14
5 4 15
5 4 15
6
6
10 17
10 17
18 11 19 12 16 7
18 11 19 12 16 7
10 20
10 20
5 4 7 16 12
5 4 7 16 12
5 4 14
5 4 14
5 4 15
5 4 15
5 4 11
5 4 11
6
6
5 4 8
5 4 8
5 4 16
5 4 16
5 4 14
5 4 14
5 4 15
5 4 15
5 4 12
5 4 12
6
6
22 16
22 16
5 4 16
5 4 16
5 4 16
5 4 16
5 4 13
5 4 13
5 4 7 9 8
5 4 7 9 8
5 4 14
5 4 14
5 4 11
5 4 11
5 4 12
5 4 12
29
29
5 4 11
5 4 11
6
6
10 17
10 17
10 17
10 17
5 4 7
5 4 7
5 4 16 7
5 4 16 7
5 4 15
5 4 15
25 4 12 16 7
25 4 12 16 7
5 4 12 26
5 4 12 26
6
6
18 11 19 16
18 11 19 16
10 20
10 20
5 4 16
5 4 16
5 4 14
5 4 14
5 4 11
5 4 11
5 4 15
5 4 15
6
6
5 4 7 9 12
5 4 7 9 12
25 4 7 9 12
25 4 7 9 12
5 4 11
5 4 11
5 4 14
5 4 14
5 4 15
5 4 15
5 4 16
5 4 16
6
6
5 4 8 9
5 4 8 9
5 4 14
5 4 14
5 4 28
5 4 28
6
6
5 4 7
5 4 7
18 11 19 7
18 11 19 7
10 20
10 20
5 4 8 7
5 4 8 7
5 4 14
5 4 14
6
6
10 17
10 17
10 17
10 17
18 11 19 7
18 11 19 7
10 27
10 27
5 4 7 16
5 4 7 16
5 4 9
5 4 9
5 4 14
5 4 14
5 4 15
5 4 15
5 4 26
5 4 26
6
6
21 9 8
21 9 8
5 4 8
5 4 8
5 4 9
5 4 9
5 4 14 15
5 4 14 15
5 4 7
5 4 7
6
6
10 30
10 30
5 4 9
5 4 9
18 11 19 9
18 11 19 9
10 17
10 17
5 4 13 9
5 4 13 9
5 4 8 15
5 4 8 15
6
6
5 4 7 9 8
5 4 7 9 8
5 4 14
5 4 14
5 4 15
5 4 15
6
6
5 4 16 9
5 4 16 9
5 4 13 15
5 4 13 15
6
6
5 4 12 16 8
5 4 12 16 8
5 4 11
5 4 11
5 4 14
5 4 14
5 4 15
5 4 15
5 4 13
5 4 13
6
6
5 4 13 8
5 4 13 8
5 4 9
5 4 9
5 4 14
5 4 14
5 4 11
5 4 11
5 4 13
5 4 13
5 4 15
5 4 15
6
6
5 4 13
5 4 13
5 4 14 15
5 4 14 15
6
6
5 4 8 12
5 4 8 12
5 4 8 12
5 4 8 12
5 4 7 14 15
5 4 7 14 15
6
6
5 4 9 12 13
5 4 9 12 13
5 4 11
5 4 11
5 4 14 15
5 4 14 15
29
29
5 4 11
5 4 11
5 4 16
5 4 16
6
6
5 4 16 12
5 4 16 12
18 11 19 12 16
18 11 19 12 16
22 9 9
22 9 9
5 4 9 16 12
5 4 9 16 12
5 4 13 14
5 4 13 14
6
6
5 4 9 12
5 4 9 12
5 4 15
5 4 15
5 4 11
5 4 11
5 4 7
5 4 7
6
6
23 12
23 12
23 8
23 8
18 11 19 12 7
18 11 19 12 7
22 9 9
22 9 9
5 4 9
5 4 9
5 4 9 12 7
5 4 9 12 7
5 4 9 12 7
5 4 9 12 7
6
6
5 4 9
5 4 9
5 4 8 14 15
5 4 8 14 15
5 4 9
5 4 9
6
6
5 4 7 16
5 4 7 16
5 4 11
5 4 11
5 4 15
5 4 15
5 4 12
5 4 12
6
6
5 4 7
5 4 7
5 4 7 8
5 4 7 8
5 4 11
5 4 11
23 8
23 8
5 4 15
5 4 15
6
6
5 4 7
5 4 7
5 4 13 7
5 4 13 7
5 4 9 15
5 4 9 15
6
6
10 17
10 17
5 4 12 9 7
5 4 12 9 7
5 4 16 14
5 4 16 14
5 4 15
5 4 15
6
6
10 27
10 27
23 13
23 13
23 13
23 13
23 13
23 13
6
6
5 4 7
5 4 7
5 4 11
5 4 11
10 17
10 17
18 11 19 7
18 11 19 7
10 24
10 24
5 4 7 12
5 4 7 12
5 4 14
5 4 14
5 4 15
5 4 15
5 4 13
5 4 13
6
6
5 4 9
5 4 9
5 4 9
5 4 9
6
6
10 27
10 27
18 11 19 7 13
18 11 19 7 13
22 9 9
22 9 9
23 7
23 7
5 4 7 31 13
5 4 7 31 13
5 4 14 26
5 4 14 26
5 4 15
5 4 15
6
6
5 4 7
5 4 7
6
6
22 9 9
22 9 9
10 20
10 20
10 20
10 20
6
6
10 17
10 17
18 11 19 7
18 11 19 7
10 27
10 27
5 4 8 7
5 4 8 7
25 4 9 8
25 4 9 8
5 4 14
5 4 14
5 4 15
5 4 15
6
6
5 4 7 8
5 4 7 8
5 4 11
5 4 11
5 4 15
5 4 15
5 4 28
5 4 28
6
6
5 4 7 12
5 4 7 12
5 4 13
5 4 13
5 4 13 7 12
5 4 13 7 12
25 4 9 13 7 12
25 4 9 13 7 12
5 4 14 15
5 4 14 15
25 4 9 13 7 12
25 4 9 13 7 12
6
6
21 13
21 13
21 13
21 13
23 13
23 13
5 4 13
5 4 13
5 4 11
5 4 11
5 4 15
5 4 15
6
6
5 4 8
5 4 8
5 4 15
5 4 15
5 4 13
5 4 13
6
6
5 4 16 9 7
5 4 16 9 7
5 4 26 15
5 4 26 15
5 4 14
5 4 14
6
6
10 17
10 17
10 17
10 17
10 17
10 17
10 17
10 17
6
6
5 4 9 8
5 4 9 8
5 4 13 14 15
5 4 13 14 15
6
6
5 4 7 12 8
5 4 7 12 8
5 4 13 15
5 4 13 15
6
6
10 17
10 17
5 4 7
5 4 7
5 4 7 16
5 4 7 16
5 4 14
5 4 14
5 4 15
5 4 15
5 4 28
5 4 28
6
6
5 4 8 7
5 4 8 7
5 4 26 15
5 4 26 15
6
6
5 4 7
5 4 7
18 11 19 7
18 11 19 7
10 27
10 27
5 4 13
5 4 13
21 8 7
21 8 7
5 4 11
5 4 11
5 4 14 15 28
5 4 14 15 28
6
6
5 4 16 9 8
5 4 16 9 8
5 4 13 15
5 4 13 15
6
6
10 17
10 17
23 7
23 7
10 17
10 17
23 7
23 7
10 17
10 17
10 17
10 17
6
6
5 4 7
5 4 7
6
6
10 27
10 27
5 4 7
5 4 7
5 4 11
5 4 11
29
29
5 4 12 9 7
5 4 12 9 7
5 4 14 26 15
5 4 14 26 15
6
6
23 7
23 7
5 4 7
5 4 7
5 4 11
5 4 11
5 4 11
5 4 11
10 24
10 24
5 4 11
5 4 11
6
6
18 11 19 8 7
18 11 19 8 7
22 9 9
22 9 9
22 9 9
22 9 9
21 8 9
21 8 9
6
6
5 4 7 8
5 4 7 8
5 4 11
5 4 11
5 4 11
5 4 11
5 4 14
5 4 14
5 4 15
5 4 15
5 4 13
5 4 13
6
6
18 11 19 7
18 11 19 7
22 9 9
22 9 9
5 4 9 12
5 4 9 12
5 4 13 14
5 4 13 14
6
6
10 17
10 17
5 4 7 16
5 4 7 16
5 4 14
5 4 14
5 4 13
5 4 13
5 4 11
5 4 11
6
6
10 17
10 17
5 4 7
5 4 7
5 4 11
5 4 11
5 4 7 16
5 4 7 16
6
6
5 4 8
5 4 8
5 4 11
5 4 11
5 4 11
5 4 11
5 4 7
5 4 7
5 4 13 15
5 4 13 15
29
29
6
6
5 4 7
5 4 7
5 4 7
5 4 7
5 4 14
5 4 14
5 4 8
5 4 8
6
6
6
6
5 4 7 16
5 4 7 16
5 4 13 15
5 4 13 15
6
6
5 4 8 16
5 4 8 16
5 4 14 26 15
5 4 14 26 15
6
6
5 4 8
5 4 8
5 4 16
5 4 16
5 4 16
5 4 16
5 4 16 8
5 4 16 8
5 4 9
5 4 9
5 4 13 15
5 4 13 15
6
6
5 4 8
5 4 8
18 11 19 8
18 11 19 8
22 9 9
22 9 9
5 4 9 8
5 4 9 8
5 4 15
5 4 15
5 4 13
5 4 13
6
6
5 4 9 16 12
5 4 9 16 12
5 4 11
5 4 11
5 4 14
5 4 14
5 4 28
5 4 28
6
6
18 11 19 8 7
18 11 19 8 7
10 24
10 24
18 11 19 8 7
18 11 19 8 7
10 24
10 24
18 11 19 8 7
18 11 19 8 7
10 24
10 24
5 4 7 8 12
5 4 7 8 12
5 4 14
5 4 14
5 4 13
5 4 13
6
6
5 4 12 7
5 4 12 7
5 4 15
5 4 15
5 4 11
5 4 11
5 4 28
5 4 28
6
6
5 4 8 7
5 4 8 7
5 4 14 15
5 4 14 15
5 4 11
5 4 11
5 4 12
5 4 12
6
6
5 4 7 9
5 4 7 9
5 4 11
5 4 11
5 4 13
5 4 13
5 4 14 15
5 4 14 15
5 4 11
5 4 11
5 4 12
5 4 12
6
6
10 20
10 20
5 4 8
5 4 8
5 4 11
5 4 11
25 4 8
25 4 8
29
29
6
6
5 4 7 16
5 4 7 16
5 4 14 15
5 4 14 15
5 4 13
5 4 13
6
6
10 17
10 17
10 24
10 24
18 11 19 12
18 11 19 12
10 17
10 17
18 11 19 12 7
18 11 19 12 7
10 20
10 20
5 4 8 7 12
5 4 8 7 12
5 4 11
5 4 11
18 11 19 12 16
18 11 19 12 16
10 20
10 20
5 4 8 12 16
5 4 8 12 16
5 4 14 26
5 4 14 26
6
6
5 4 7 8
5 4 7 8
5 4 13 14
5 4 13 14
5 4 15
5 4 15
6
6
5 4 8
5 4 8
5 4 13 14
5 4 13 14
6
6
5 4 9 12
5 4 9 12
5 4 13
5 4 13
5 4 13 9 12
5 4 13 9 12
5 4 15
5 4 15
5 4 26
5 4 26
6
6
10 20
10 20
22 9 9
22 9 9
10 17
10 17
5 4 7 13
5 4 7 13
5 4 14 26 15
5 4 14 26 15
6
6
18 11 19 12
18 11 19 12
10 17
10 17
10 17
10 17
21 8 12
21 8 12
18 11 19 8
18 11 19 8
10 17
10 17
5 4 11
5 4 11
6
6
5 4 8
5 4 8
5 4 15
5 4 15
5 4 13
5 4 13
6
6
10 20
10 20
5 4 7
5 4 7
5 4 7
5 4 7
5 4 11
5 4 11
5 4 11
5 4 11
5 4 9 8
5 4 9 8
5 4 13 15
5 4 13 15
6
6
5 4 12 9
5 4 12 9
5 4 15
5 4 15
5 4 16
5 4 16
6
6
5 4 7
5 4 7
5 4 13 7
5 4 13 7
5 4 15
5 4 15
5 4 11
5 4 11
6
6
5 4 13 7
5 4 13 7
5 4 14
5 4 14
5 4 8
5 4 8
6
6
18 11 19 9
18 11 19 9
10 27
10 27
6
6
5 4 8 12 7
5 4 8 12 7
5 4 13 14 15
5 4 13 14 15
6
6
21 8 9
21 8 9
5 4 8
5 4 8
5 4 9
5 4 9
5 4 15
5 4 15
5 4 14
5 4 14
29
29
6
6
5 4 8
5 4 8
5 4 8 12
5 4 8 12
5 4 8
5 4 8
5 4 14
5 4 14
18 11 19 8
18 11 19 8
22 9 9
22 9 9
6
6
10 17
10 17
5 4 7
5 4 7
5 4 7 9
5 4 7 9
5 4 26 15
5 4 26 15
6
6
10 20
10 20
18 11 19 8
18 11 19 8
22 9 9
22 9 9
5 4 8 9
5 4 8 9
23 9
23 9
5 4 8 9
5 4 8 9
5 4 16
5 4 16
5 4 11
5 4 11
5 4 12
5 4 12
5 4 13
5 4 13
5 4 13 12
5 4 13 12
5 4 14
5 4 14
5 4 26
5 4 26
6
6
5 4 7 9 12
5 4 7 9 12
23 9
23 9
5 4 9 7 12
5 4 9 7 12
6
6
5 4 7 9 12
5 4 7 9 12
5 4 13 14
5 4 13 14
6
6
10 17
10 17
5 4 16 9 7
5 4 16 9 7
5 4 13 14
5 4 13 14
6
6
5 4 7 16
5 4 7 16
5 4 14
5 4 14
5 4 15
5 4 15
5 4 8
5 4 8
5 4 9
5 4 9
6
6
18 11 19 8
18 11 19 8
22 9 9
22 9 9
23 9
23 9
22 9 9
22 9 9
5 4 8 16 9
5 4 8 16 9
5 4 14
5 4 14
5 4 26
5 4 26
6
6
5 4 7 8 9
5 4 7 8 9
6
6
5 4 7 8
5 4 7 8
5 4 14
5 4 14
5 4 13
5 4 13
6
6
10 20
10 20
10 27
10 27
10 30
10 30
5 4 8
5 4 8
5 4 14 26
5 4 14 26
6
6
10 30
10 30
6
6
10 20
10 20
18 11 19 8
18 11 19 8
22 9 9
22 9 9
5 4 9 8
5 4 9 8
5 4 16 9 8
5 4 16 9 8
5 4 13
5 4 13
5 4 8 15
5 4 8 15
6
6
10 24
10 24
10 27
10 27
18 11 19 13
18 11 19 13
10 20
10 20
18 11 19 13
18 11 19 13
10 20
10 20
5 4 8 9
5 4 8 9
5 4 13 14
5 4 13 14
5 4 15
5 4 15
6
6
5 4 9 8
5 4 9 8
5 4 14
5 4 14
5 4 15
5 4 15
5 4 26
5 4 26
6
6
5 4 8 12
5 4 8 12
5 4 16 13 15
5 4 16 13 15
6
6
5 4 7 16
5 4 7 16
5 4 14
5 4 14
5 4 15
5 4 15
5 4 26
5 4 26
6
6
5 4 7 8
5 4 7 8
5 4 14
5 4 14
5 4 13
5 4 13
6
6
10 17
10 17
5 4 7
5 4 7
6
6
5 4 7 9 8
5 4 7 9 8
5 4 15
5 4 15
5 4 13
5 4 13
6
6
5 4 7 9
5 4 7 9
6
6
10 17
10 17
18 11 19 7
18 11 19 7
22 9 9
22 9 9
18 11 19 9 7
18 11 19 9 7
10 27
10 27
18 11 19 9 7
18 11 19 9 7
10 20
10 20
6
6
10 17
10 17
10 17
10 17
10 17
10 17
10 17
10 17
10 17
10 17
6
6
10 17
10 17
5 4 16
5 4 16
18 11 19 16
18 11 19 16
22 9 9
22 9 9
5 4 9 16
5 4 9 16
5 4 14 15
5 4 14 15
5 4 8
5 4 8
6
6
10 20
10 20
5 4 8
5 4 8
6
6
21 8 7
21 8 7
10 17
10 17
5 4 7
5 4 7
5 4 8 7
5 4 8 7
5 4 9 8 7
5 4 9 8 7
5 4 14 26
5 4 14 26
6
6
10 17
10 17
5 4 7
5 4 7
5 4 11
5 4 11
5 4 14
5 4 14
5 4 8
5 4 8
5 4 8
5 4 8
6
6
10 30
10 30
23 12
23 12
22 16
22 16
23 8
23 8
23 7
23 7
6
6
10 20
10 20
5 4 8
5 4 8
5 4 14 28
5 4 14 28
5 4 15
5 4 15
5 4 7
5 4 7
6
6
10 20
10 20
18 11 19 8
18 11 19 8
10 24
10 24
10 20
10 20
5 4 8 9
5 4 8 9
5 4 7 15
5 4 7 15
6
6
10 17
10 17
10 17
10 17
6
6
10 17
10 17
22 9 9
22 9 9
10 30
10 30
5 4 8 12
5 4 8 12
5 4 15
5 4 15
5 4 13
5 4 13
6
6
21 7 16
21 7 16
6
6
5 4 8
5 4 8
5 4 11
5 4 11
25 4 8
25 4 8
5 4 8 12
5 4 8 12
5 4 14 26 15
5 4 14 26 15
6
6
21 8 13
21 8 13
5 4 8 13
5 4 8 13
5 4 15
5 4 15
5 4 11
5 4 11
6
6
5 4 7 16
5 4 7 16
6
6
5 4 9
5 4 9
5 4 11
5 4 11
5 4 14 15
5 4 14 15
5 4 13
5 4 13
6
6
21 16 12
21 16 12
10 20
10 20
5 4 12 20
5 4 12 20
22 16 16
22 16 16
5 4 16 26 15
5 4 16 26 15
6
6
5 4 12
5 4 12
21 13
21 13
22 8
22 8
22 13 13
22 13 13
22 16
22 16
5 4 9 13
5 4 9 13
5 4 15
5 4 15
5 4 8
5 4 8
5 4 8
5 4 8
5 4 8
5 4 8
5 4 15
5 4 15
6
6
5 4 9 12
5 4 9 12
18 11 19 12 9
18 11 19 12 9
10 20
10 20
5 4 8 9 12
5 4 8 9 12
6
6
5 4 9
5 4 9
5 4 8 14 15
5 4 8 14 15
5 4 9
5 4 9
6
6
18 11 19 9 7
18 11 19 9 7
10 24
10 24
5 4 7 9 8
5 4 7 9 8
5 4 14 26 15
5 4 14 26 15
6
6
5 4 8
5 4 8
25 4 8
25 4 8
5 4 12 13 14
5 4 12 13 14
6
6
22 13
22 13
5 4 8 13
5 4 8 13
10 20
10 20
10 17
10 17
10 27
10 27
10 27
10 27
10 27
10 27
6
6
18 11 19 12
18 11 19 12
10 17
10 17
10 17
10 17
5 4 7 12
5 4 7 12
25 4 7 12
25 4 7 12
5 4 14
5 4 14
25 4 7 12
25 4 7 12
6
6
10 17
10 17
5 4 7
5 4 7
21 7 16
21 7 16
5 4 11
5 4 11
5 4 16 7
5 4 16 7
5 4 13 14
5 4 13 14
6
6
5 4 7 8 12
5 4 7 8 12
5 4 11
5 4 11
5 4 14 15
5 4 14 15
5 4 9
5 4 9
6
6
10 17
10 17
5 4 9
5 4 9
5 4 12 9
5 4 12 9
5 4 16
5 4 16
5 4 14
5 4 14
6
6
10 24
10 24
6
6
5 4 8
5 4 8
18 11 19 8
18 11 19 8
10 30
10 30
6
6
10 17
10 17
5 4 7
5 4 7
5 4 11
5 4 11
6
6
5 4 9 7 16
5 4 9 7 16
5 4 13 14
5 4 13 14
5 4 11
5 4 11
21 9 13
21 9 13
6
6
5 4 12
5 4 12
21 12 8
21 12 8
5 4 8
5 4 8
5 4 14 26 15
5 4 14 26 15
6
6
5 4 7
5 4 7
5 4 8
5 4 8
5 4 8 7
5 4 8 7
5 4 12
5 4 12
5 4 14
5 4 14
6
6
5 4 9 12
5 4 9 12
5 4 16
5 4 16
5 4 11
5 4 11
5 4 8
5 4 8
5 4 14
5 4 14
6
6
5 4 8 12
5 4 8 12
5 4 14
5 4 14
5 4 11
5 4 11
5 4 15
5 4 15
5 4 13
5 4 13
6
6
10 17
10 17
5 4 7
5 4 7
5 4 9 7
5 4 9 7
21 12 8
21 12 8
5 4 12 8
5 4 12 8
25 4 12 8
25 4 12 8
5 4 16 14 15
5 4 16 14 15
6
6
18 11 19 9
18 11 19 9
10 20
10 20
21 13
21 13
6
6
5 4 9 12
5 4 9 12
29
29
5 4 13 9 12
5 4 13 9 12
5 4 14
5 4 14
5 4 15
5 4 15
6
6
5 4 9
5 4 9
23 13
23 13
18 11 19 9
18 11 19 9
10 17
10 17
6
6
18 11 19 16
18 11 19 16
10 20
10 20
5 4 16
5 4 16
5 4 14
5 4 14
5 4 11
5 4 11
5 4 15
5 4 15
6
6
10 27
10 27
23 13
23 13
23 13
23 13
23 13
23 13
6
6
18 11 19 9
18 11 19 9
10 20
10 20
21 13
21 13
6
6
10 30
10 30
6
6
5 4 13
5 4 13
25 4 13
25 4 13
5 4 11
5 4 11
6
6
21 13
21 13
5 4 12 13 9
5 4 12 13 9
5 4 14
5 4 14
5 4 15
5 4 15
6
6
18 11 19 12 9 13
18 11 19 12 9 13
10 17
10 17
10 17
10 17
10 17
10 17
5 4 12
5 4 12
5 4 11
5 4 11
5 4 11
5 4 11
6
6
10 17
10 17
18 11 19 7
18 11 19 7
10 24
10 24
23 12
23 12
10 24
10 24
18 11 19 12 7
18 11 19 12 7
10 20
10 20
18 11 19 12 7
18 11 19 12 7
22 9 9
22 9 9
10 17
10 17
5 4 7 13
5 4 7 13
5 4 14 26 15
5 4 14 26 15
6
6
18 11 19 7
18 11 19 7
10 27
10 27
23 7
23 7
5 4 7 13
5 4 7 13
5 4 14 28
5 4 14 28
6
6
10 17
10 17
10 17
10 17
10 17
10 17
10 17
10 17
6
6
18 11 19 13
18 11 19 13
10 20
10 20
5 4 13 7
5 4 13 7
5 4 11
5 4 11
5 4 15
5 4 15
5 4 11
5 4 11
6
6
5 4 9
5 4 9
5 4 11
5 4 11
5 4 14 15
5 4 14 15
5 4 13
5 4 13
6
6
21 13
21 13
21 13
21 13
5 4 8
5 4 8
18 11 19 8
18 11 19 8
10 27
10 27
5 4 16 14 15 28
5 4 16 14 15 28
6
6
10 17
10 17
22 8
22 8
5 4 8
5 4 8
5 4 15 28
5 4 15 28
6
6
10 17
10 17
10 17
10 17
5 4 7
5 4 7
5 4 14
5 4 14
5 4 26
5 4 26
10 17
10 17
6
6
22 16
22 16
6
6
21 13
21 13
6
6
10 27
10 27
10 30
10 30
10 17
10 17
23 8
23 8
5 4 7 9
5 4 7 9
5 4 14
5 4 14
6
6
10 17
10 17
10 17
10 17
18 11 19 7
18 11 19 7
10 20
10 20
10 17
10 17
18 11 19 7
18 11 19 7
10 30
10 30
6
6
10 17
10 17
18 11 19 7
18 11 19 7
10 30
10 30
5 4 8 7
5 4 8 7
21 13 7
21 13 7
10 20
10 20
5 4 7 12
5 4 7 12
5 4 16
5 4 16
6
6
5 4 7 13
5 4 7 13
21 8 13
21 8 13
5 4 8 14
5 4 8 14
5 4 9
5 4 9
5 4 11
5 4 11
5 4 12 13
5 4 12 13
6
6
5 4 8
5 4 8
5 4 11
5 4 11
18 11 19 8
18 11 19 8
10 30
10 30
6
6
5 4 9 7
5 4 9 7
5 4 7 8 9
5 4 7 8 9
25 4 7 8
25 4 7 8
5 4 7 8 9
5 4 7 8 9
6
6
10 17
10 17
5 4 7
5 4 7
18 11 19 7
18 11 19 7
10 20
10 20
5 4 8 7
5 4 8 7
25 4 8 7
25 4 8 7
29
29
6
6
10 30
10 30
10 17
10 17
18 11 19 7
18 11 19 7
10 20
10 20
23 7
23 7
10 17
10 17
23 7
23 7
23 7
23 7
5 4 7
5 4 7
5 4 13 7
5 4 13 7
23 7
23 7
18 11 19 7 13
18 11 19 7 13
10 20
10 20
6
6
18 11 19 12 9 16
18 11 19 12 9 16
10 17
10 17
5 4 7 12 16 9
5 4 7 12 16 9
5 4 7 12 16 9
5 4 7 12 16 9
5 4 14 26
5 4 14 26
25 4 12 16 9
25 4 12 16 9
5 4 15
5 4 15
6
6
10 30
10 30
5 4 7 13
5 4 7 13
5 4 12 15
5 4 12 15
6
6
5 4 8 7
5 4 8 7
29
29
5 4 14 15 28
5 4 14 15 28
6
6
5 4 7 9
5 4 7 9
5 4 7 9
5 4 7 9
5 4 7 8 9
5 4 7 8 9
5 4 13 15
5 4 13 15
6
6
5 4 7 9
5 4 7 9
5 4 7 9
5 4 7 9
5 4 8 14
5 4 8 14
6
6
21 7 16
21 7 16
6
6
5 4 8
5 4 8
21 12 8
21 12 8
5 4 8
5 4 8
5 4 12
5 4 12
5 4 15
5 4 15
5 4 26
5 4 26
6
6
5 4 16 12
5 4 16 12
18 11 19 12 16
18 11 19 12 16
22 9 9
22 9 9
5 4 9 16 12
5 4 9 16 12
5 4 13 14
5 4 13 14
6
6
18 11 19 12 7
18 11 19 12 7
10 20
10 20
5 4 8 7 12
5 4 8 7 12
5 4 14
5 4 14
29
29
5 4 16
5 4 16
6
6
5 4 9 7 16
5 4 9 7 16
5 4 13 14
5 4 13 14
5 4 11
5 4 11
21 9 13
21 9 13
6
6
5 4 16
5 4 16
18 11 19 16
18 11 19 16
10 17
10 17
5 4 7 16
5 4 7 16
5 4 16 7
5 4 16 7
5 4 15
5 4 15
5 4 28
5 4 28
6
6
21 8 7
21 8 7
5 4 7 8 9
5 4 7 8 9
5 4 14
5 4 14
5 4 15
5 4 15
5 4 12
5 4 12
6
6
21 9 13
21 9 13
5 4 9 13
5 4 9 13
25 4 9 13
25 4 9 13
5 4 15
5 4 15
5 4 11
5 4 11
25 4 9 13
25 4 9 13
6
6
5 4 7 8
5 4 7 8
5 4 16
5 4 16
5 4 14
5 4 14
6
6
5 4 7
5 4 7
18 11 19 7
18 11 19 7
10 24
10 24
25 4 16 8 7
25 4 16 8 7
5 4 13 14 15
5 4 13 14 15
6
6
10 24
10 24
6
6
5 4 13 7
5 4 13 7
29
29
25 4 7 13
25 4 7 13
5 4 8 15
5 4 8 15
6
6
10 17
10 17
23 7
23 7
10 17
10 17
5 4 7
5 4 7
5 4 14
5 4 14
5 4 28
5 4 28
6
6
21 13
21 13
21 13
21 13
6
6
5 4 9 8 12
5 4 9 8 12
5 4 26
5 4 26
5 4 11
5 4 11
5 4 15
5 4 15
6
6
10 30
10 30
10 17
10 17
5 4 7
5 4 7
23 7
23 7
5 4 15
5 4 15
29
29
6
6
5 4 8
5 4 8
5 4 14
5 4 14
5 4 11
5 4 11
5 4 11
5 4 11
5 4 26
5 4 26
6
6
10 17
10 17
18 11 19 7
18 11 19 7
10 24
10 24
5 4 16 7
5 4 16 7
5 4 15
5 4 15
5 4 14
5 4 14
6
6
5 4 7 8
5 4 7 8
5 4 14 28
5 4 14 28
5 4 11
5 4 11
6
6
5 4 7
5 4 7
21 7 13
21 7 13
5 4 13 7
5 4 13 7
6
6
21 13
21 13
6
6
5 4 9
5 4 9
5 4 12 9
5 4 12 9
5 4 13
5 4 13
5 4 12 9
5 4 12 9
5 4 15
5 4 15
6
6
5 4 8
5 4 8
5 4 11
5 4 11
5 4 11
5 4 11
5 4 12
5 4 12
6
6
5 4 9 7
5 4 9 7
5 4 11
5 4 11
5 4 15
5 4 15
5 4 8
5 4 8
6
6
5 4 8
5 4 8
5 4 13
5 4 13
5 4 11
5 4 11
5 4 11
5 4 11
5 4 11
5 4 11
6
6
5 4 7 12
5 4 7 12
5 4 7 12
5 4 7 12
18 11 19 12 7
18 11 19 12 7
22 9 9
22 9 9
5 4 7 9 12
5 4 7 9 12
6
6
5 4 16
5 4 16
5 4 7 15
5 4 7 15
6
6
5 4 12 8
5 4 12 8
25 4 12 8 9
25 4 12 8 9
5 4 14
5 4 14
5 4 15
5 4 15
5 4 13
5 4 13
6
6
10 24
10 24
5 4 9
5 4 9
5 4 16
5 4 16
5 4 15
5 4 15
6
6
5 4 7
5 4 7
5 4 13
5 4 13
5 4 7 16
5 4 7 16
5 4 14
5 4 14
5 4 26
5 4 26
6
6
10 30
10 30
5 4 9 8 12
5 4 9 8 12
5 4 26
5 4 26
5 4 11
5 4 11
5 4 15
5 4 15
6
6
5 4 7
5 4 7
5 4 11
5 4 11
5 4 7 16 12
5 4 7 16 12
18 11 19 12 16 7
18 11 19 12 16 7
10 27
10 27
29
29
5 4 15
5 4 15
6
6
10 17
10 17
10 27
10 27
5 4 8
5 4 8
5 4 14
5 4 14
5 4 15
5 4 15
5 4 7
5 4 7
6
6
5 4 7 9
5 4 7 9
18 11 19 9 7
18 11 19 9 7
10 24
10 24
5 4 15
5 4 15
5 4 28
5 4 28
6
6
22 16
22 16
6
6
5 4 7 12
5 4 7 12
5 4 14 28
5 4 14 28
29
29
6
6
10 20
10 20
5 4 7
5 4 7
5 4 11
5 4 11
5 4 11
5 4 11
5 4 7
5 4 7
23 13
23 13
18 11 19 13 7
18 11 19 13 7
22 9 9
22 9 9
10 17
10 17
29
29
6
6
5 4 8 9
5 4 8 9
5 4 13
5 4 13
5 4 14 15
5 4 14 15
6
6
5 4 8
5 4 8
5 4 16
5 4 16
5 4 15
5 4 15
5 4 7
5 4 7
6
6
5 4 7 8
5 4 7 8
5 4 11
5 4 11
5 4 14
5 4 14
5 4 13
5 4 13
6
6
5 4 7
5 4 7
23 13
23 13
18 11 19 13 7
18 11 19 13 7
22 9 9
22 9 9
10 17
10 17
29
29
6
6
10 17
10 17
5 4 12 9
5 4 12 9
18 11 19 12 9
18 11 19 12 9
10 17
10 17
5 4 7 12 9
5 4 7 12 9
5 4 8 14 15
5 4 8 14 15
6
6
5 4 13 8
5 4 13 8
5 4 26 15
5 4 26 15
6
6
22 12
22 12
6
6
10 17
10 17
5 4 7
5 4 7
5 4 11
5 4 11
6
6
10 27
10 27
18 11 19 13
18 11 19 13
10 24
10 24
21 8 7
21 8 7
6
6
5 4 9 8
5 4 9 8
5 4 14 28
5 4 14 28
6
6
22 13
22 13
5 4 8 7
5 4 8 7
5 4 15
5 4 15
5 4 13
5 4 13
6
6
22 9 9
22 9 9
5 4 9 7
5 4 9 7
5 4 11
5 4 11
5 4 14
5 4 14
5 4 16
5 4 16
5 4 11
5 4 11
6
6
5 4 9 8 12
5 4 9 8 12
5 4 13
5 4 13
5 4 15
5 4 15
6
6
5 4 9 16
5 4 9 16
5 4 12
5 4 12
5 4 11
5 4 11
5 4 14
5 4 14
5 4 8
5 4 8
6
6
5 4 7 8
5 4 7 8
5 4 7 8
5 4 7 8
5 4 14
5 4 14
5 4 28
5 4 28
5 4 7 8
5 4 7 8
25 4 7 8
25 4 7 8
5 4 16
5 4 16
5 4 14 15
5 4 14 15
6
6
5 4 8 16
5 4 8 16
5 4 12
5 4 12
21 8 12
21 8 12
5 4 12 13 14
5 4 12 13 14
6
6
5 4 8 7
5 4 8 7
5 4 9
5 4 9
5 4 14
5 4 14
5 4 13
5 4 13
6
6
5 4 13 7 8
5 4 13 7 8
18 11 19 8 7 13
18 11 19 8 7 13
22 9 9
22 9 9
5 4 9 7 8 13
5 4 9 7 8 13
5 4 15
5 4 15
22 9 9
22 9 9
5 4 14
5 4 14
6
6
5 4 7
5 4 7
5 4 15
5 4 15
23 7
23 7
5 4 7
5 4 7
6
6
10 24
10 24
10 17
10 17
5 4 7
5 4 7
5 4 7
5 4 7
6
6
5 4 7 9
5 4 7 9
5 4 11
5 4 11
5 4 15
5 4 15
5 4 8
5 4 8
6
6
10 17
10 17
10 30
10 30
10 17
10 17
5 4 7
5 4 7
